function [x, Xtest, y, Ytest] = loadAustralianDatasetCP()

x = [0.67862	-0.78767	1.3529	0.54865	-0.86052	-0.35717	-0.22549	-1.0309	-0.9019	-0.46775	1.0131	0.21442	-0.47876	0.045004
-1.4693	-0.74011	0.45279	0.54865	0.22199	-0.35717	-0.59993	-1.0309	-0.9019	-0.46775	-0.98418	0.21442	-0.11059	-0.2142
-1.4693	-0.18314	-0.60671	-1.8174	-0.86052	-0.35717	-0.31383	-1.0309	-0.9019	-0.46775	1.0131	0.21442	0.62574	-0.2142
-1.4693	-0.82072	1.3609	-1.8174	-0.58989	-0.85606	-0.64344	0.9672	1.1056	1.5112	1.0131	0.21442	-1.0924	-0.2142
0.67862	-0.94162	0.68891	0.54865	-0.31926	-0.35717	-0.12661	0.9672	1.1056	2.0509	-0.98418	0.21442	-0.7242	-0.18041
-1.4693	-1.2914	-0.84182	0.54865	0.22199	1.6384	-0.2479	0.9672	1.1056	-0.10794	-0.98418	0.21442	-0.47876	-0.2142
0.67862	-1.1633	0.35188	0.54865	-1.1312	-0.35717	-0.61048	-1.0309	-0.9019	-0.46775	-0.98418	0.21442	-0.7242	-0.19281
-1.4693	2.1616	-0.059809	0.54865	1.0339	1.6384	0.15817	0.9672	1.1056	0.61167	-0.98418	0.21442	-0.82851	-0.094436
0.67862	-0.32419	-0.75807	-1.8174	-1.4018	1.6384	0.14763	-1.0309	-0.9019	-0.46775	-0.98418	0.21442	-0.012414	-0.099355
-1.4693	1.9263	0.46893	0.54865	-0.86052	1.6384	1.1365	0.9672	1.1056	0.071961	1.0131	0.21442	-0.47876	-0.20351
0.67862	0.13283	-0.60671	0.54865	1.8458	1.6384	0.54316	0.9672	1.1056	0.25186	1.0131	0.21442	0.46006	-0.030918
0.67862	0.77122	0.049168	0.54865	1.0339	1.6384	0.675	0.9672	1.1056	0.61167	1.0131	0.21442	1.7916	-0.2142
0.67862	-0.90132	-0.70762	-1.8174	0.22199	1.6384	-0.28087	0.9672	1.1056	0.071961	1.0131	0.21442	-0.23331	-0.16929
0.67862	0.24729	0.049168	0.54865	1.8458	1.6384	1.3342	0.9672	1.1056	0.61167	1.0131	0.21442	-1.0924	-0.00033537
0.67862	2.1544	-0.41298	0.54865	0.22199	-0.35717	-0.0066304	-1.0309	-0.9019	-0.46775	1.0131	0.21442	0.87118	-0.2142
0.67862	1.308	0.25905	0.54865	-0.86052	-0.35717	-0.63289	-1.0309	-0.9019	-0.46775	-0.98418	0.21442	-1.0924	0.3611
0.67862	-0.18314	-0.051736	0.54865	0.49262	-0.35717	1.3342	0.9672	1.1056	-0.10794	1.0131	0.21442	0.93254	-0.2142
-1.4693	-1.0424	0.85641	0.54865	-0.31926	-0.35717	-0.44567	0.9672	1.1056	-0.10794	-0.98418	0.21442	-0.55239	-0.087806
0.67862	-0.95532	-0.70762	-1.8174	-0.86052	-0.35717	-0.61048	-1.0309	-0.9019	-0.46775	-0.98418	0.21442	-0.23331	-0.21334
-1.4693	-0.76026	0.18337	0.54865	1.0339	-0.35717	0.038197	0.9672	1.1056	0.79157	-0.98418	0.21442	-0.30081	0.48236
-1.4693	-0.29679	-0.84182	0.54865	-0.31926	-0.35717	-0.63289	-1.0309	-0.9019	-0.46775	-0.98418	0.21442	0.50302	0.00052009
-1.4693	-1.0222	-0.84182	-1.8174	-0.31926	-0.35717	-0.48918	0.9672	-0.9019	-0.46775	1.0131	0.21442	-0.11059	-0.2142
0.67862	0.75107	-0.69046	0.54865	-1.4018	-0.35717	-0.59993	-1.0309	-0.9019	-0.46775	-0.98418	0.21442	-0.061503	-0.2142
0.67862	0.78412	-0.60671	0.54865	-0.86052	-0.35717	-0.58806	0.9672	-0.9019	-0.46775	-0.98418	0.21442	-0.11059	-0.2142
0.67862	-0.99563	0.97447	0.54865	-0.31926	-0.35717	-0.43512	-1.0309	-0.9019	-0.46775	-0.98418	0.21442	-0.60148	-0.13935
0.67862	0.07238	-0.65717	0.54865	1.5751	1.6384	0.80685	0.9672	1.1056	0.071961	1.0131	0.21442	-1.0924	-0.2142
0.67862	-0.75381	-0.93465	-1.8174	-0.86052	-0.35717	-0.61048	-1.0309	-0.9019	-0.46775	-0.98418	0.21442	0.13485	-0.19923
0.67862	0.10623	-0.34638	-1.8174	0.22199	1.6384	-0.10551	0.9672	1.1056	-0.28784	1.0131	0.21442	0.01213	3.6411
-1.4693	-0.095277	1.4618	0.54865	0.22199	-0.35717	-0.11606	0.9672	1.1056	-0.28784	-0.98418	0.21442	0.25757	-0.21014
0.67862	-0.70706	-0.45536	0.54865	0.22199	-0.35717	-0.35734	0.9672	1.1056	1.5112	1.0131	0.21442	-0.7242	0.25288
0.67862	-0.39109	-0.80852	0.54865	0.22199	1.6384	0.47724	0.9672	1.1056	0.071961	1.0131	0.21442	0.82209	-0.18212
-1.4693	-0.92147	1.1591	-1.8174	1.8458	1.6384	-0.64344	-1.0309	-0.9019	-0.46775	1.0131	0.21442	-0.14741	-0.20736
0.67862	1.6506	-0.68239	-1.8174	0.22199	1.6384	1.851	0.9672	-0.9019	-0.46775	1.0131	0.21442	0.13485	-0.19281
0.67862	-0.70706	1.3609	0.54865	0.49262	1.6384	-0.0831	0.9672	1.1056	1.5112	1.0131	0.21442	0.6871	-0.15346
0.67862	0.88487	-0.70762	0.54865	-0.048635	-0.35717	3.0152	-1.0309	1.1056	-0.28784	1.0131	0.21442	1.0675	-0.19025
0.67862	3.4642	2.8745	-1.8174	-1.6724	-1.8538	-0.63289	-1.0309	1.1056	-0.10794	-0.98418	0.21442	-1.0924	-0.13913
0.67862	-0.5523	1.5627	0.54865	-0.31926	-0.35717	0.14763	0.9672	-0.9019	-0.46775	1.0131	-3.3082	-0.96964	-0.2142
0.67862	0.62291	1.8483	0.54865	0.49262	-0.35717	1.6309	0.9672	1.1056	0.61167	1.0131	0.21442	-0.66284	-0.2142
-1.4693	1.2814	0.6546	0.54865	0.22199	-0.35717	1.4331	0.9672	1.1056	0.61167	1.0131	0.21442	-1.0924	0.05527
-1.4693	1.2548	-0.35445	0.54865	1.8458	-0.35717	3.0152	0.9672	1.1056	-0.10794	1.0131	0.21442	2.0923	0.15023
0.67862	-0.69981	-0.95988	0.54865	1.5751	-0.35717	-0.62102	0.9672	-0.9019	-0.46775	-0.98418	0.21442	-1.0924	-0.2142
0.67862	-0.74737	-0.65717	-1.8174	-0.31926	-0.35717	-0.50104	-1.0309	-0.9019	-0.46775	1.0131	0.21442	-0.35603	-0.19987
0.67862	-0.41125	-0.73284	0.54865	1.8458	1.6384	-0.31383	0.9672	-0.9019	-0.46775	-0.98418	0.21442	-1.0924	0.91886
0.67862	2.5373	-0.8509	0.54865	0.22199	-0.35717	-0.48918	0.9672	1.1056	0.071961	1.0131	0.21442	0.01213	-0.2142
0.67862	-0.65306	-0.87613	-1.8174	0.22199	-0.35717	-0.63289	-1.0309	1.1056	-0.10794	-0.98418	0.21442	-0.30695	-0.21292
-1.4693	-0.89487	1.1087	0.54865	1.0339	-0.35717	-0.45622	0.9672	1.1056	-0.10794	1.0131	0.21442	-0.7917	-0.2142
-1.4693	-0.59261	-0.60671	-1.8174	0.22199	-0.35717	-0.59993	-1.0309	-0.9019	-0.46775	-0.98418	0.21442	-0.2824	-0.2142
0.67862	-1.264	-0.95181	0.54865	0.22199	-0.35717	-0.63289	-1.0309	-0.9019	-0.46775	-0.98418	0.21442	-1.0924	-0.2142
-1.4693	-0.18958	-0.55626	-1.8174	0.76325	1.6384	-0.11606	-1.0309	-0.9019	-0.46775	-0.98418	0.21442	0.47847	-0.21056
-1.4693	1.6909	2.0673	0.54865	0.22199	-0.35717	0.80685	0.9672	1.1056	2.0509	-0.98418	0.21442	-1.0924	0.2563
0.67862	0.038527	-0.25355	0.54865	-0.86052	-0.35717	-0.51159	-1.0309	-0.9019	-0.46775	1.0131	0.21442	0.33121	-0.2142
0.67862	-0.86827	-0.12742	-1.8174	-1.1312	1.6384	-0.63289	-1.0309	-0.9019	-0.46775	-0.98418	0.21442	-0.23331	-0.19281
0.67862	-0.29679	-0.93465	-1.8174	-0.86052	-0.35717	-0.62102	-1.0309	-0.9019	-0.46775	-0.98418	0.21442	0.23303	0.23492
0.67862	-1.0359	-0.60671	-1.8174	0.22199	-0.35717	-0.027725	-1.0309	-0.9019	-0.46775	1.0131	0.21442	-0.40512	-0.21292
0.67862	-0.34434	-0.304	-1.8174	1.0339	1.6384	0.69742	-1.0309	1.1056	-0.10794	1.0131	0.21442	1.1718	-0.21399
0.67862	-0.32419	-0.65717	0.54865	0.49262	-0.35717	-0.11606	0.9672	1.1056	1.5112	1.0131	0.21442	1.5707	-0.20672
0.67862	0.65676	0.35188	0.54865	-0.31926	0.14171	0.27947	0.9672	1.1056	-0.28784	-0.98418	0.21442	-1.0924	-0.10727
-1.4693	0.44155	-0.45536	0.54865	-1.1312	1.6384	-0.58806	-1.0309	-0.9019	-0.46775	-0.98418	0.21442	0.50302	-0.16159
0.67862	0.85827	0.032015	-1.8174	0.49262	-0.35717	0.19114	0.9672	-0.9019	-0.46775	1.0131	0.21442	-0.77329	0.094193
0.67862	2.0069	1.5123	0.54865	-0.048635	-0.35717	-0.31383	0.9672	1.1056	0.25186	1.0131	0.21442	0.13485	-0.2142
0.67862	0.91228	0.049168	0.54865	-1.1312	0.14171	-0.050139	-1.0309	-0.9019	-0.46775	1.0131	0.21442	-0.22718	-0.2142
-1.4693	-0.65306	-0.8166	0.54865	0.49262	-0.35717	-0.57751	-1.0309	1.1056	-0.28784	1.0131	0.21442	0.38029	-0.21334
0.67862	-1.0762	-0.55626	0.54865	-1.1312	-0.35717	-0.2479	0.9672	1.1056	-0.10794	-0.98418	0.21442	-0.35603	-0.15004
-1.4693	0.72366	-0.25355	0.54865	-1.1312	0.14171	-0.51159	-1.0309	-0.9019	-0.46775	-0.98418	-3.3082	6.0255	-0.2142
-1.4693	-0.59261	-0.85898	0.54865	1.0339	1.6384	-0.2479	0.9672	-0.9019	-0.46775	-0.98418	0.21442	0.62574	-0.037976
0.67862	0.81797	1.0158	0.54865	1.8458	1.6384	1.4555	0.9672	1.1056	0.97147	-0.98418	0.21442	-1.0924	-0.2142
-1.4693	-0.99563	-0.92658	0.54865	1.0339	-0.35717	-0.63289	-1.0309	-0.9019	-0.46775	1.0131	0.21442	1.2393	-0.2142
0.67862	-0.83442	1.3609	0.54865	-1.1312	-0.35717	-0.51159	0.9672	-0.9019	-0.46775	1.0131	0.21442	-0.47876	-0.19966
0.67862	-0.048526	-0.38775	0.54865	-1.6724	-1.8538	-0.64344	-1.0309	1.1056	0.43177	-0.98418	0.21442	-0.012414	-0.18298
